6.300
23.700
10.333
19.433
8.500
14.633
10.600
13.433
9.600
8.767
14.667
19.533
13.367
6.567
8.700
13.500
14.967
10.933
19.167
8.833
10.933
6.933
16.067
14.167
7.767
17.933
12.400
19.367
15.533
14.533
16.067
16.767
14.000
16.867
14.200
8.900
12.033
14.467
16.200
10.533
15.767
10.400
21.167
14.467
18.300
10.200
14.233
7.467
14.733
16.700
6.733
11.833
11.100
19.067
13.600
20.800
12.100
9.167
13.933
14.833
13.033
8.467
17.500
15.333
13.800
12.233
13.033
13.733
20.133
16.200
19.267
11.167
16.667
12.700
20.833
9.967
11.267
9.667
7.900
15.833
7.100
12.533
17.300
8.367
17.133
14.967
11.600
8.633
11.800
14.100
20.767
9.467
22.133
8.667
12.133
9.900
